{
 "cells": [
  {
   "cell_type": "markdown",
   "metadata": {},
   "source": [
    "### I am going to back-test strategies of forecasting FX returns on a rolling basis.\n",
    "### I'll back-test two strategies, one based on Model Selection Method A, and the other based on Method B."
   ]
  },
  {
   "cell_type": "code",
   "execution_count": 1,
   "metadata": {},
   "outputs": [],
   "source": [
    "import pandas as pd\n",
    "import numpy as np"
   ]
  },
  {
   "cell_type": "code",
   "execution_count": 2,
   "metadata": {
    "scrolled": false
   },
   "outputs": [
    {
     "data": {
      "text/html": [
       "<div>\n",
       "<style scoped>\n",
       "    .dataframe tbody tr th:only-of-type {\n",
       "        vertical-align: middle;\n",
       "    }\n",
       "\n",
       "    .dataframe tbody tr th {\n",
       "        vertical-align: top;\n",
       "    }\n",
       "\n",
       "    .dataframe thead th {\n",
       "        text-align: right;\n",
       "    }\n",
       "</style>\n",
       "<table border=\"1\" class=\"dataframe\">\n",
       "  <thead>\n",
       "    <tr style=\"text-align: right;\">\n",
       "      <th></th>\n",
       "      <th>Dates</th>\n",
       "      <th>EURUSD</th>\n",
       "      <th>Unnamed: 2</th>\n",
       "      <th>Dates.1</th>\n",
       "      <th>GBPUSD</th>\n",
       "      <th>Unnamed: 5</th>\n",
       "      <th>Dates.2</th>\n",
       "      <th>JPYUSD</th>\n",
       "      <th>Unnamed: 8</th>\n",
       "      <th>Dates.3</th>\n",
       "      <th>AUDUSD</th>\n",
       "      <th>Unnamed: 11</th>\n",
       "      <th>Dates.4</th>\n",
       "      <th>CADUSD</th>\n",
       "      <th>Unnamed: 14</th>\n",
       "      <th>Dates.5</th>\n",
       "      <th>NOKUSD</th>\n",
       "      <th>Unnamed: 17</th>\n",
       "      <th>Dates.6</th>\n",
       "      <th>CHFUSD</th>\n",
       "    </tr>\n",
       "  </thead>\n",
       "  <tbody>\n",
       "    <tr>\n",
       "      <th>0</th>\n",
       "      <td>2019-03-29</td>\n",
       "      <td>1.1254</td>\n",
       "      <td>NaN</td>\n",
       "      <td>2019-03-29</td>\n",
       "      <td>1.3182</td>\n",
       "      <td>NaN</td>\n",
       "      <td>2019-03-29</td>\n",
       "      <td>0.009077</td>\n",
       "      <td>NaN</td>\n",
       "      <td>2019-03-29</td>\n",
       "      <td>0.7090</td>\n",
       "      <td>NaN</td>\n",
       "      <td>2019-03-29</td>\n",
       "      <td>0.7456</td>\n",
       "      <td>NaN</td>\n",
       "      <td>2019-03-29</td>\n",
       "      <td>0.1159</td>\n",
       "      <td>NaN</td>\n",
       "      <td>2019-03-29</td>\n",
       "      <td>1.0050</td>\n",
       "    </tr>\n",
       "    <tr>\n",
       "      <th>1</th>\n",
       "      <td>2019-02-28</td>\n",
       "      <td>1.1371</td>\n",
       "      <td>NaN</td>\n",
       "      <td>2019-02-28</td>\n",
       "      <td>1.3263</td>\n",
       "      <td>NaN</td>\n",
       "      <td>2019-02-28</td>\n",
       "      <td>0.008978</td>\n",
       "      <td>NaN</td>\n",
       "      <td>2019-02-28</td>\n",
       "      <td>0.7094</td>\n",
       "      <td>NaN</td>\n",
       "      <td>2019-02-28</td>\n",
       "      <td>0.7589</td>\n",
       "      <td>NaN</td>\n",
       "      <td>2019-02-28</td>\n",
       "      <td>0.1168</td>\n",
       "      <td>NaN</td>\n",
       "      <td>2019-02-28</td>\n",
       "      <td>1.0020</td>\n",
       "    </tr>\n",
       "    <tr>\n",
       "      <th>2</th>\n",
       "      <td>2019-01-31</td>\n",
       "      <td>1.1448</td>\n",
       "      <td>NaN</td>\n",
       "      <td>2019-01-31</td>\n",
       "      <td>1.3109</td>\n",
       "      <td>NaN</td>\n",
       "      <td>2019-01-31</td>\n",
       "      <td>0.009186</td>\n",
       "      <td>NaN</td>\n",
       "      <td>2019-01-31</td>\n",
       "      <td>0.7273</td>\n",
       "      <td>NaN</td>\n",
       "      <td>2019-01-31</td>\n",
       "      <td>0.7619</td>\n",
       "      <td>NaN</td>\n",
       "      <td>2019-01-31</td>\n",
       "      <td>0.1186</td>\n",
       "      <td>NaN</td>\n",
       "      <td>2019-01-31</td>\n",
       "      <td>1.0057</td>\n",
       "    </tr>\n",
       "    <tr>\n",
       "      <th>3</th>\n",
       "      <td>2018-12-31</td>\n",
       "      <td>1.1467</td>\n",
       "      <td>NaN</td>\n",
       "      <td>2018-12-31</td>\n",
       "      <td>1.2754</td>\n",
       "      <td>NaN</td>\n",
       "      <td>2018-12-31</td>\n",
       "      <td>0.009123</td>\n",
       "      <td>NaN</td>\n",
       "      <td>2018-12-31</td>\n",
       "      <td>0.7049</td>\n",
       "      <td>NaN</td>\n",
       "      <td>2018-12-31</td>\n",
       "      <td>0.7332</td>\n",
       "      <td>NaN</td>\n",
       "      <td>2018-12-31</td>\n",
       "      <td>0.1157</td>\n",
       "      <td>NaN</td>\n",
       "      <td>2018-12-31</td>\n",
       "      <td>1.0187</td>\n",
       "    </tr>\n",
       "    <tr>\n",
       "      <th>4</th>\n",
       "      <td>2018-11-30</td>\n",
       "      <td>1.1317</td>\n",
       "      <td>NaN</td>\n",
       "      <td>2018-11-30</td>\n",
       "      <td>1.2749</td>\n",
       "      <td>NaN</td>\n",
       "      <td>2018-11-30</td>\n",
       "      <td>0.008812</td>\n",
       "      <td>NaN</td>\n",
       "      <td>2018-11-30</td>\n",
       "      <td>0.7306</td>\n",
       "      <td>NaN</td>\n",
       "      <td>2018-11-30</td>\n",
       "      <td>0.7523</td>\n",
       "      <td>NaN</td>\n",
       "      <td>2018-11-30</td>\n",
       "      <td>0.1163</td>\n",
       "      <td>NaN</td>\n",
       "      <td>2018-11-30</td>\n",
       "      <td>1.0015</td>\n",
       "    </tr>\n",
       "    <tr>\n",
       "      <th>...</th>\n",
       "      <td>...</td>\n",
       "      <td>...</td>\n",
       "      <td>...</td>\n",
       "      <td>...</td>\n",
       "      <td>...</td>\n",
       "      <td>...</td>\n",
       "      <td>...</td>\n",
       "      <td>...</td>\n",
       "      <td>...</td>\n",
       "      <td>...</td>\n",
       "      <td>...</td>\n",
       "      <td>...</td>\n",
       "      <td>...</td>\n",
       "      <td>...</td>\n",
       "      <td>...</td>\n",
       "      <td>...</td>\n",
       "      <td>...</td>\n",
       "      <td>...</td>\n",
       "      <td>...</td>\n",
       "      <td>...</td>\n",
       "    </tr>\n",
       "    <tr>\n",
       "      <th>295</th>\n",
       "      <td>1994-08-31</td>\n",
       "      <td>1.2341</td>\n",
       "      <td>NaN</td>\n",
       "      <td>1994-08-31</td>\n",
       "      <td>1.5340</td>\n",
       "      <td>NaN</td>\n",
       "      <td>1994-08-31</td>\n",
       "      <td>0.009995</td>\n",
       "      <td>NaN</td>\n",
       "      <td>1994-08-31</td>\n",
       "      <td>0.7429</td>\n",
       "      <td>NaN</td>\n",
       "      <td>1994-08-31</td>\n",
       "      <td>0.7310</td>\n",
       "      <td>NaN</td>\n",
       "      <td>1994-08-31</td>\n",
       "      <td>0.1442</td>\n",
       "      <td>NaN</td>\n",
       "      <td>1994-08-31</td>\n",
       "      <td>0.7508</td>\n",
       "    </tr>\n",
       "    <tr>\n",
       "      <th>296</th>\n",
       "      <td>1994-07-29</td>\n",
       "      <td>1.2261</td>\n",
       "      <td>NaN</td>\n",
       "      <td>1994-07-29</td>\n",
       "      <td>1.5440</td>\n",
       "      <td>NaN</td>\n",
       "      <td>1994-07-29</td>\n",
       "      <td>0.009985</td>\n",
       "      <td>NaN</td>\n",
       "      <td>1994-07-29</td>\n",
       "      <td>0.7395</td>\n",
       "      <td>NaN</td>\n",
       "      <td>1994-07-29</td>\n",
       "      <td>0.7211</td>\n",
       "      <td>NaN</td>\n",
       "      <td>1994-07-29</td>\n",
       "      <td>0.1448</td>\n",
       "      <td>NaN</td>\n",
       "      <td>1994-07-29</td>\n",
       "      <td>0.7463</td>\n",
       "    </tr>\n",
       "    <tr>\n",
       "      <th>297</th>\n",
       "      <td>1994-06-30</td>\n",
       "      <td>1.2238</td>\n",
       "      <td>NaN</td>\n",
       "      <td>1994-06-30</td>\n",
       "      <td>1.5443</td>\n",
       "      <td>NaN</td>\n",
       "      <td>1994-06-30</td>\n",
       "      <td>0.010158</td>\n",
       "      <td>NaN</td>\n",
       "      <td>1994-06-30</td>\n",
       "      <td>0.7285</td>\n",
       "      <td>NaN</td>\n",
       "      <td>1994-06-30</td>\n",
       "      <td>0.7224</td>\n",
       "      <td>NaN</td>\n",
       "      <td>1994-06-30</td>\n",
       "      <td>0.1444</td>\n",
       "      <td>NaN</td>\n",
       "      <td>1994-06-30</td>\n",
       "      <td>0.7499</td>\n",
       "    </tr>\n",
       "    <tr>\n",
       "      <th>298</th>\n",
       "      <td>1994-05-31</td>\n",
       "      <td>1.1909</td>\n",
       "      <td>NaN</td>\n",
       "      <td>1994-05-31</td>\n",
       "      <td>1.5113</td>\n",
       "      <td>NaN</td>\n",
       "      <td>1994-05-31</td>\n",
       "      <td>0.009544</td>\n",
       "      <td>NaN</td>\n",
       "      <td>1994-05-31</td>\n",
       "      <td>0.7371</td>\n",
       "      <td>NaN</td>\n",
       "      <td>1994-05-31</td>\n",
       "      <td>0.7225</td>\n",
       "      <td>NaN</td>\n",
       "      <td>1994-05-31</td>\n",
       "      <td>0.1400</td>\n",
       "      <td>NaN</td>\n",
       "      <td>1994-05-31</td>\n",
       "      <td>0.7130</td>\n",
       "    </tr>\n",
       "    <tr>\n",
       "      <th>299</th>\n",
       "      <td>1994-04-29</td>\n",
       "      <td>1.1840</td>\n",
       "      <td>NaN</td>\n",
       "      <td>1994-04-29</td>\n",
       "      <td>1.5185</td>\n",
       "      <td>NaN</td>\n",
       "      <td>1994-04-29</td>\n",
       "      <td>0.009833</td>\n",
       "      <td>NaN</td>\n",
       "      <td>1994-04-29</td>\n",
       "      <td>0.7155</td>\n",
       "      <td>NaN</td>\n",
       "      <td>1994-04-29</td>\n",
       "      <td>0.7231</td>\n",
       "      <td>NaN</td>\n",
       "      <td>1994-04-29</td>\n",
       "      <td>0.1395</td>\n",
       "      <td>NaN</td>\n",
       "      <td>1994-04-29</td>\n",
       "      <td>0.7125</td>\n",
       "    </tr>\n",
       "  </tbody>\n",
       "</table>\n",
       "<p>300 rows × 20 columns</p>\n",
       "</div>"
      ],
      "text/plain": [
       "         Dates  EURUSD  Unnamed: 2    Dates.1  GBPUSD  Unnamed: 5    Dates.2  \\\n",
       "0   2019-03-29  1.1254         NaN 2019-03-29  1.3182         NaN 2019-03-29   \n",
       "1   2019-02-28  1.1371         NaN 2019-02-28  1.3263         NaN 2019-02-28   \n",
       "2   2019-01-31  1.1448         NaN 2019-01-31  1.3109         NaN 2019-01-31   \n",
       "3   2018-12-31  1.1467         NaN 2018-12-31  1.2754         NaN 2018-12-31   \n",
       "4   2018-11-30  1.1317         NaN 2018-11-30  1.2749         NaN 2018-11-30   \n",
       "..         ...     ...         ...        ...     ...         ...        ...   \n",
       "295 1994-08-31  1.2341         NaN 1994-08-31  1.5340         NaN 1994-08-31   \n",
       "296 1994-07-29  1.2261         NaN 1994-07-29  1.5440         NaN 1994-07-29   \n",
       "297 1994-06-30  1.2238         NaN 1994-06-30  1.5443         NaN 1994-06-30   \n",
       "298 1994-05-31  1.1909         NaN 1994-05-31  1.5113         NaN 1994-05-31   \n",
       "299 1994-04-29  1.1840         NaN 1994-04-29  1.5185         NaN 1994-04-29   \n",
       "\n",
       "       JPYUSD  Unnamed: 8    Dates.3  AUDUSD  Unnamed: 11    Dates.4  CADUSD  \\\n",
       "0    0.009077         NaN 2019-03-29  0.7090          NaN 2019-03-29  0.7456   \n",
       "1    0.008978         NaN 2019-02-28  0.7094          NaN 2019-02-28  0.7589   \n",
       "2    0.009186         NaN 2019-01-31  0.7273          NaN 2019-01-31  0.7619   \n",
       "3    0.009123         NaN 2018-12-31  0.7049          NaN 2018-12-31  0.7332   \n",
       "4    0.008812         NaN 2018-11-30  0.7306          NaN 2018-11-30  0.7523   \n",
       "..        ...         ...        ...     ...          ...        ...     ...   \n",
       "295  0.009995         NaN 1994-08-31  0.7429          NaN 1994-08-31  0.7310   \n",
       "296  0.009985         NaN 1994-07-29  0.7395          NaN 1994-07-29  0.7211   \n",
       "297  0.010158         NaN 1994-06-30  0.7285          NaN 1994-06-30  0.7224   \n",
       "298  0.009544         NaN 1994-05-31  0.7371          NaN 1994-05-31  0.7225   \n",
       "299  0.009833         NaN 1994-04-29  0.7155          NaN 1994-04-29  0.7231   \n",
       "\n",
       "     Unnamed: 14    Dates.5  NOKUSD  Unnamed: 17    Dates.6  CHFUSD  \n",
       "0            NaN 2019-03-29  0.1159          NaN 2019-03-29  1.0050  \n",
       "1            NaN 2019-02-28  0.1168          NaN 2019-02-28  1.0020  \n",
       "2            NaN 2019-01-31  0.1186          NaN 2019-01-31  1.0057  \n",
       "3            NaN 2018-12-31  0.1157          NaN 2018-12-31  1.0187  \n",
       "4            NaN 2018-11-30  0.1163          NaN 2018-11-30  1.0015  \n",
       "..           ...        ...     ...          ...        ...     ...  \n",
       "295          NaN 1994-08-31  0.1442          NaN 1994-08-31  0.7508  \n",
       "296          NaN 1994-07-29  0.1448          NaN 1994-07-29  0.7463  \n",
       "297          NaN 1994-06-30  0.1444          NaN 1994-06-30  0.7499  \n",
       "298          NaN 1994-05-31  0.1400          NaN 1994-05-31  0.7130  \n",
       "299          NaN 1994-04-29  0.1395          NaN 1994-04-29  0.7125  \n",
       "\n",
       "[300 rows x 20 columns]"
      ]
     },
     "execution_count": 2,
     "metadata": {},
     "output_type": "execute_result"
    }
   ],
   "source": [
    "FX_Prices = pd.read_excel('FX.xlsx',sheet_name='FX_Prices',skiprows=1)\n",
    "FX_Prices"
   ]
  },
  {
   "cell_type": "code",
   "execution_count": 3,
   "metadata": {},
   "outputs": [
    {
     "data": {
      "text/html": [
       "<div>\n",
       "<style scoped>\n",
       "    .dataframe tbody tr th:only-of-type {\n",
       "        vertical-align: middle;\n",
       "    }\n",
       "\n",
       "    .dataframe tbody tr th {\n",
       "        vertical-align: top;\n",
       "    }\n",
       "\n",
       "    .dataframe thead th {\n",
       "        text-align: right;\n",
       "    }\n",
       "</style>\n",
       "<table border=\"1\" class=\"dataframe\">\n",
       "  <thead>\n",
       "    <tr style=\"text-align: right;\">\n",
       "      <th></th>\n",
       "      <th>Dates</th>\n",
       "      <th>EURUSD</th>\n",
       "      <th>Dates.1</th>\n",
       "      <th>GBPUSD</th>\n",
       "      <th>Dates.2</th>\n",
       "      <th>JPYUSD</th>\n",
       "      <th>Dates.3</th>\n",
       "      <th>AUDUSD</th>\n",
       "      <th>Dates.4</th>\n",
       "      <th>CADUSD</th>\n",
       "      <th>Dates.5</th>\n",
       "      <th>NOKUSD</th>\n",
       "      <th>Dates.6</th>\n",
       "      <th>CHFUSD</th>\n",
       "    </tr>\n",
       "  </thead>\n",
       "  <tbody>\n",
       "    <tr>\n",
       "      <th>0</th>\n",
       "      <td>2019-03-29</td>\n",
       "      <td>1.1254</td>\n",
       "      <td>2019-03-29</td>\n",
       "      <td>1.3182</td>\n",
       "      <td>2019-03-29</td>\n",
       "      <td>0.009077</td>\n",
       "      <td>2019-03-29</td>\n",
       "      <td>0.7090</td>\n",
       "      <td>2019-03-29</td>\n",
       "      <td>0.7456</td>\n",
       "      <td>2019-03-29</td>\n",
       "      <td>0.1159</td>\n",
       "      <td>2019-03-29</td>\n",
       "      <td>1.0050</td>\n",
       "    </tr>\n",
       "    <tr>\n",
       "      <th>1</th>\n",
       "      <td>2019-02-28</td>\n",
       "      <td>1.1371</td>\n",
       "      <td>2019-02-28</td>\n",
       "      <td>1.3263</td>\n",
       "      <td>2019-02-28</td>\n",
       "      <td>0.008978</td>\n",
       "      <td>2019-02-28</td>\n",
       "      <td>0.7094</td>\n",
       "      <td>2019-02-28</td>\n",
       "      <td>0.7589</td>\n",
       "      <td>2019-02-28</td>\n",
       "      <td>0.1168</td>\n",
       "      <td>2019-02-28</td>\n",
       "      <td>1.0020</td>\n",
       "    </tr>\n",
       "    <tr>\n",
       "      <th>2</th>\n",
       "      <td>2019-01-31</td>\n",
       "      <td>1.1448</td>\n",
       "      <td>2019-01-31</td>\n",
       "      <td>1.3109</td>\n",
       "      <td>2019-01-31</td>\n",
       "      <td>0.009186</td>\n",
       "      <td>2019-01-31</td>\n",
       "      <td>0.7273</td>\n",
       "      <td>2019-01-31</td>\n",
       "      <td>0.7619</td>\n",
       "      <td>2019-01-31</td>\n",
       "      <td>0.1186</td>\n",
       "      <td>2019-01-31</td>\n",
       "      <td>1.0057</td>\n",
       "    </tr>\n",
       "    <tr>\n",
       "      <th>3</th>\n",
       "      <td>2018-12-31</td>\n",
       "      <td>1.1467</td>\n",
       "      <td>2018-12-31</td>\n",
       "      <td>1.2754</td>\n",
       "      <td>2018-12-31</td>\n",
       "      <td>0.009123</td>\n",
       "      <td>2018-12-31</td>\n",
       "      <td>0.7049</td>\n",
       "      <td>2018-12-31</td>\n",
       "      <td>0.7332</td>\n",
       "      <td>2018-12-31</td>\n",
       "      <td>0.1157</td>\n",
       "      <td>2018-12-31</td>\n",
       "      <td>1.0187</td>\n",
       "    </tr>\n",
       "    <tr>\n",
       "      <th>4</th>\n",
       "      <td>2018-11-30</td>\n",
       "      <td>1.1317</td>\n",
       "      <td>2018-11-30</td>\n",
       "      <td>1.2749</td>\n",
       "      <td>2018-11-30</td>\n",
       "      <td>0.008812</td>\n",
       "      <td>2018-11-30</td>\n",
       "      <td>0.7306</td>\n",
       "      <td>2018-11-30</td>\n",
       "      <td>0.7523</td>\n",
       "      <td>2018-11-30</td>\n",
       "      <td>0.1163</td>\n",
       "      <td>2018-11-30</td>\n",
       "      <td>1.0015</td>\n",
       "    </tr>\n",
       "    <tr>\n",
       "      <th>...</th>\n",
       "      <td>...</td>\n",
       "      <td>...</td>\n",
       "      <td>...</td>\n",
       "      <td>...</td>\n",
       "      <td>...</td>\n",
       "      <td>...</td>\n",
       "      <td>...</td>\n",
       "      <td>...</td>\n",
       "      <td>...</td>\n",
       "      <td>...</td>\n",
       "      <td>...</td>\n",
       "      <td>...</td>\n",
       "      <td>...</td>\n",
       "      <td>...</td>\n",
       "    </tr>\n",
       "    <tr>\n",
       "      <th>295</th>\n",
       "      <td>1994-08-31</td>\n",
       "      <td>1.2341</td>\n",
       "      <td>1994-08-31</td>\n",
       "      <td>1.5340</td>\n",
       "      <td>1994-08-31</td>\n",
       "      <td>0.009995</td>\n",
       "      <td>1994-08-31</td>\n",
       "      <td>0.7429</td>\n",
       "      <td>1994-08-31</td>\n",
       "      <td>0.7310</td>\n",
       "      <td>1994-08-31</td>\n",
       "      <td>0.1442</td>\n",
       "      <td>1994-08-31</td>\n",
       "      <td>0.7508</td>\n",
       "    </tr>\n",
       "    <tr>\n",
       "      <th>296</th>\n",
       "      <td>1994-07-29</td>\n",
       "      <td>1.2261</td>\n",
       "      <td>1994-07-29</td>\n",
       "      <td>1.5440</td>\n",
       "      <td>1994-07-29</td>\n",
       "      <td>0.009985</td>\n",
       "      <td>1994-07-29</td>\n",
       "      <td>0.7395</td>\n",
       "      <td>1994-07-29</td>\n",
       "      <td>0.7211</td>\n",
       "      <td>1994-07-29</td>\n",
       "      <td>0.1448</td>\n",
       "      <td>1994-07-29</td>\n",
       "      <td>0.7463</td>\n",
       "    </tr>\n",
       "    <tr>\n",
       "      <th>297</th>\n",
       "      <td>1994-06-30</td>\n",
       "      <td>1.2238</td>\n",
       "      <td>1994-06-30</td>\n",
       "      <td>1.5443</td>\n",
       "      <td>1994-06-30</td>\n",
       "      <td>0.010158</td>\n",
       "      <td>1994-06-30</td>\n",
       "      <td>0.7285</td>\n",
       "      <td>1994-06-30</td>\n",
       "      <td>0.7224</td>\n",
       "      <td>1994-06-30</td>\n",
       "      <td>0.1444</td>\n",
       "      <td>1994-06-30</td>\n",
       "      <td>0.7499</td>\n",
       "    </tr>\n",
       "    <tr>\n",
       "      <th>298</th>\n",
       "      <td>1994-05-31</td>\n",
       "      <td>1.1909</td>\n",
       "      <td>1994-05-31</td>\n",
       "      <td>1.5113</td>\n",
       "      <td>1994-05-31</td>\n",
       "      <td>0.009544</td>\n",
       "      <td>1994-05-31</td>\n",
       "      <td>0.7371</td>\n",
       "      <td>1994-05-31</td>\n",
       "      <td>0.7225</td>\n",
       "      <td>1994-05-31</td>\n",
       "      <td>0.1400</td>\n",
       "      <td>1994-05-31</td>\n",
       "      <td>0.7130</td>\n",
       "    </tr>\n",
       "    <tr>\n",
       "      <th>299</th>\n",
       "      <td>1994-04-29</td>\n",
       "      <td>1.1840</td>\n",
       "      <td>1994-04-29</td>\n",
       "      <td>1.5185</td>\n",
       "      <td>1994-04-29</td>\n",
       "      <td>0.009833</td>\n",
       "      <td>1994-04-29</td>\n",
       "      <td>0.7155</td>\n",
       "      <td>1994-04-29</td>\n",
       "      <td>0.7231</td>\n",
       "      <td>1994-04-29</td>\n",
       "      <td>0.1395</td>\n",
       "      <td>1994-04-29</td>\n",
       "      <td>0.7125</td>\n",
       "    </tr>\n",
       "  </tbody>\n",
       "</table>\n",
       "<p>300 rows × 14 columns</p>\n",
       "</div>"
      ],
      "text/plain": [
       "         Dates  EURUSD    Dates.1  GBPUSD    Dates.2    JPYUSD    Dates.3  \\\n",
       "0   2019-03-29  1.1254 2019-03-29  1.3182 2019-03-29  0.009077 2019-03-29   \n",
       "1   2019-02-28  1.1371 2019-02-28  1.3263 2019-02-28  0.008978 2019-02-28   \n",
       "2   2019-01-31  1.1448 2019-01-31  1.3109 2019-01-31  0.009186 2019-01-31   \n",
       "3   2018-12-31  1.1467 2018-12-31  1.2754 2018-12-31  0.009123 2018-12-31   \n",
       "4   2018-11-30  1.1317 2018-11-30  1.2749 2018-11-30  0.008812 2018-11-30   \n",
       "..         ...     ...        ...     ...        ...       ...        ...   \n",
       "295 1994-08-31  1.2341 1994-08-31  1.5340 1994-08-31  0.009995 1994-08-31   \n",
       "296 1994-07-29  1.2261 1994-07-29  1.5440 1994-07-29  0.009985 1994-07-29   \n",
       "297 1994-06-30  1.2238 1994-06-30  1.5443 1994-06-30  0.010158 1994-06-30   \n",
       "298 1994-05-31  1.1909 1994-05-31  1.5113 1994-05-31  0.009544 1994-05-31   \n",
       "299 1994-04-29  1.1840 1994-04-29  1.5185 1994-04-29  0.009833 1994-04-29   \n",
       "\n",
       "     AUDUSD    Dates.4  CADUSD    Dates.5  NOKUSD    Dates.6  CHFUSD  \n",
       "0    0.7090 2019-03-29  0.7456 2019-03-29  0.1159 2019-03-29  1.0050  \n",
       "1    0.7094 2019-02-28  0.7589 2019-02-28  0.1168 2019-02-28  1.0020  \n",
       "2    0.7273 2019-01-31  0.7619 2019-01-31  0.1186 2019-01-31  1.0057  \n",
       "3    0.7049 2018-12-31  0.7332 2018-12-31  0.1157 2018-12-31  1.0187  \n",
       "4    0.7306 2018-11-30  0.7523 2018-11-30  0.1163 2018-11-30  1.0015  \n",
       "..      ...        ...     ...        ...     ...        ...     ...  \n",
       "295  0.7429 1994-08-31  0.7310 1994-08-31  0.1442 1994-08-31  0.7508  \n",
       "296  0.7395 1994-07-29  0.7211 1994-07-29  0.1448 1994-07-29  0.7463  \n",
       "297  0.7285 1994-06-30  0.7224 1994-06-30  0.1444 1994-06-30  0.7499  \n",
       "298  0.7371 1994-05-31  0.7225 1994-05-31  0.1400 1994-05-31  0.7130  \n",
       "299  0.7155 1994-04-29  0.7231 1994-04-29  0.1395 1994-04-29  0.7125  \n",
       "\n",
       "[300 rows x 14 columns]"
      ]
     },
     "execution_count": 3,
     "metadata": {},
     "output_type": "execute_result"
    }
   ],
   "source": [
    "FX_Prices = FX_Prices.dropna(axis=1)\n",
    "FX_Prices"
   ]
  },
  {
   "cell_type": "code",
   "execution_count": 4,
   "metadata": {},
   "outputs": [
    {
     "data": {
      "text/html": [
       "<div>\n",
       "<style scoped>\n",
       "    .dataframe tbody tr th:only-of-type {\n",
       "        vertical-align: middle;\n",
       "    }\n",
       "\n",
       "    .dataframe tbody tr th {\n",
       "        vertical-align: top;\n",
       "    }\n",
       "\n",
       "    .dataframe thead th {\n",
       "        text-align: right;\n",
       "    }\n",
       "</style>\n",
       "<table border=\"1\" class=\"dataframe\">\n",
       "  <thead>\n",
       "    <tr style=\"text-align: right;\">\n",
       "      <th></th>\n",
       "      <th>Dates</th>\n",
       "      <th>EURUSD</th>\n",
       "      <th>Dates.1</th>\n",
       "      <th>GBPUSD</th>\n",
       "      <th>Dates.2</th>\n",
       "      <th>JPYUSD</th>\n",
       "      <th>Dates.3</th>\n",
       "      <th>AUDUSD</th>\n",
       "      <th>Dates.4</th>\n",
       "      <th>CADUSD</th>\n",
       "      <th>Dates.5</th>\n",
       "      <th>NOKUSD</th>\n",
       "      <th>Dates.6</th>\n",
       "      <th>CHFUSD</th>\n",
       "    </tr>\n",
       "  </thead>\n",
       "  <tbody>\n",
       "    <tr>\n",
       "      <th>299</th>\n",
       "      <td>1994-04-29</td>\n",
       "      <td>1.1840</td>\n",
       "      <td>1994-04-29</td>\n",
       "      <td>1.5185</td>\n",
       "      <td>1994-04-29</td>\n",
       "      <td>0.009833</td>\n",
       "      <td>1994-04-29</td>\n",
       "      <td>0.7155</td>\n",
       "      <td>1994-04-29</td>\n",
       "      <td>0.7231</td>\n",
       "      <td>1994-04-29</td>\n",
       "      <td>0.1395</td>\n",
       "      <td>1994-04-29</td>\n",
       "      <td>0.7125</td>\n",
       "    </tr>\n",
       "    <tr>\n",
       "      <th>298</th>\n",
       "      <td>1994-05-31</td>\n",
       "      <td>1.1909</td>\n",
       "      <td>1994-05-31</td>\n",
       "      <td>1.5113</td>\n",
       "      <td>1994-05-31</td>\n",
       "      <td>0.009544</td>\n",
       "      <td>1994-05-31</td>\n",
       "      <td>0.7371</td>\n",
       "      <td>1994-05-31</td>\n",
       "      <td>0.7225</td>\n",
       "      <td>1994-05-31</td>\n",
       "      <td>0.1400</td>\n",
       "      <td>1994-05-31</td>\n",
       "      <td>0.7130</td>\n",
       "    </tr>\n",
       "    <tr>\n",
       "      <th>297</th>\n",
       "      <td>1994-06-30</td>\n",
       "      <td>1.2238</td>\n",
       "      <td>1994-06-30</td>\n",
       "      <td>1.5443</td>\n",
       "      <td>1994-06-30</td>\n",
       "      <td>0.010158</td>\n",
       "      <td>1994-06-30</td>\n",
       "      <td>0.7285</td>\n",
       "      <td>1994-06-30</td>\n",
       "      <td>0.7224</td>\n",
       "      <td>1994-06-30</td>\n",
       "      <td>0.1444</td>\n",
       "      <td>1994-06-30</td>\n",
       "      <td>0.7499</td>\n",
       "    </tr>\n",
       "    <tr>\n",
       "      <th>296</th>\n",
       "      <td>1994-07-29</td>\n",
       "      <td>1.2261</td>\n",
       "      <td>1994-07-29</td>\n",
       "      <td>1.5440</td>\n",
       "      <td>1994-07-29</td>\n",
       "      <td>0.009985</td>\n",
       "      <td>1994-07-29</td>\n",
       "      <td>0.7395</td>\n",
       "      <td>1994-07-29</td>\n",
       "      <td>0.7211</td>\n",
       "      <td>1994-07-29</td>\n",
       "      <td>0.1448</td>\n",
       "      <td>1994-07-29</td>\n",
       "      <td>0.7463</td>\n",
       "    </tr>\n",
       "    <tr>\n",
       "      <th>295</th>\n",
       "      <td>1994-08-31</td>\n",
       "      <td>1.2341</td>\n",
       "      <td>1994-08-31</td>\n",
       "      <td>1.5340</td>\n",
       "      <td>1994-08-31</td>\n",
       "      <td>0.009995</td>\n",
       "      <td>1994-08-31</td>\n",
       "      <td>0.7429</td>\n",
       "      <td>1994-08-31</td>\n",
       "      <td>0.7310</td>\n",
       "      <td>1994-08-31</td>\n",
       "      <td>0.1442</td>\n",
       "      <td>1994-08-31</td>\n",
       "      <td>0.7508</td>\n",
       "    </tr>\n",
       "    <tr>\n",
       "      <th>...</th>\n",
       "      <td>...</td>\n",
       "      <td>...</td>\n",
       "      <td>...</td>\n",
       "      <td>...</td>\n",
       "      <td>...</td>\n",
       "      <td>...</td>\n",
       "      <td>...</td>\n",
       "      <td>...</td>\n",
       "      <td>...</td>\n",
       "      <td>...</td>\n",
       "      <td>...</td>\n",
       "      <td>...</td>\n",
       "      <td>...</td>\n",
       "      <td>...</td>\n",
       "    </tr>\n",
       "    <tr>\n",
       "      <th>4</th>\n",
       "      <td>2018-11-30</td>\n",
       "      <td>1.1317</td>\n",
       "      <td>2018-11-30</td>\n",
       "      <td>1.2749</td>\n",
       "      <td>2018-11-30</td>\n",
       "      <td>0.008812</td>\n",
       "      <td>2018-11-30</td>\n",
       "      <td>0.7306</td>\n",
       "      <td>2018-11-30</td>\n",
       "      <td>0.7523</td>\n",
       "      <td>2018-11-30</td>\n",
       "      <td>0.1163</td>\n",
       "      <td>2018-11-30</td>\n",
       "      <td>1.0015</td>\n",
       "    </tr>\n",
       "    <tr>\n",
       "      <th>3</th>\n",
       "      <td>2018-12-31</td>\n",
       "      <td>1.1467</td>\n",
       "      <td>2018-12-31</td>\n",
       "      <td>1.2754</td>\n",
       "      <td>2018-12-31</td>\n",
       "      <td>0.009123</td>\n",
       "      <td>2018-12-31</td>\n",
       "      <td>0.7049</td>\n",
       "      <td>2018-12-31</td>\n",
       "      <td>0.7332</td>\n",
       "      <td>2018-12-31</td>\n",
       "      <td>0.1157</td>\n",
       "      <td>2018-12-31</td>\n",
       "      <td>1.0187</td>\n",
       "    </tr>\n",
       "    <tr>\n",
       "      <th>2</th>\n",
       "      <td>2019-01-31</td>\n",
       "      <td>1.1448</td>\n",
       "      <td>2019-01-31</td>\n",
       "      <td>1.3109</td>\n",
       "      <td>2019-01-31</td>\n",
       "      <td>0.009186</td>\n",
       "      <td>2019-01-31</td>\n",
       "      <td>0.7273</td>\n",
       "      <td>2019-01-31</td>\n",
       "      <td>0.7619</td>\n",
       "      <td>2019-01-31</td>\n",
       "      <td>0.1186</td>\n",
       "      <td>2019-01-31</td>\n",
       "      <td>1.0057</td>\n",
       "    </tr>\n",
       "    <tr>\n",
       "      <th>1</th>\n",
       "      <td>2019-02-28</td>\n",
       "      <td>1.1371</td>\n",
       "      <td>2019-02-28</td>\n",
       "      <td>1.3263</td>\n",
       "      <td>2019-02-28</td>\n",
       "      <td>0.008978</td>\n",
       "      <td>2019-02-28</td>\n",
       "      <td>0.7094</td>\n",
       "      <td>2019-02-28</td>\n",
       "      <td>0.7589</td>\n",
       "      <td>2019-02-28</td>\n",
       "      <td>0.1168</td>\n",
       "      <td>2019-02-28</td>\n",
       "      <td>1.0020</td>\n",
       "    </tr>\n",
       "    <tr>\n",
       "      <th>0</th>\n",
       "      <td>2019-03-29</td>\n",
       "      <td>1.1254</td>\n",
       "      <td>2019-03-29</td>\n",
       "      <td>1.3182</td>\n",
       "      <td>2019-03-29</td>\n",
       "      <td>0.009077</td>\n",
       "      <td>2019-03-29</td>\n",
       "      <td>0.7090</td>\n",
       "      <td>2019-03-29</td>\n",
       "      <td>0.7456</td>\n",
       "      <td>2019-03-29</td>\n",
       "      <td>0.1159</td>\n",
       "      <td>2019-03-29</td>\n",
       "      <td>1.0050</td>\n",
       "    </tr>\n",
       "  </tbody>\n",
       "</table>\n",
       "<p>300 rows × 14 columns</p>\n",
       "</div>"
      ],
      "text/plain": [
       "         Dates  EURUSD    Dates.1  GBPUSD    Dates.2    JPYUSD    Dates.3  \\\n",
       "299 1994-04-29  1.1840 1994-04-29  1.5185 1994-04-29  0.009833 1994-04-29   \n",
       "298 1994-05-31  1.1909 1994-05-31  1.5113 1994-05-31  0.009544 1994-05-31   \n",
       "297 1994-06-30  1.2238 1994-06-30  1.5443 1994-06-30  0.010158 1994-06-30   \n",
       "296 1994-07-29  1.2261 1994-07-29  1.5440 1994-07-29  0.009985 1994-07-29   \n",
       "295 1994-08-31  1.2341 1994-08-31  1.5340 1994-08-31  0.009995 1994-08-31   \n",
       "..         ...     ...        ...     ...        ...       ...        ...   \n",
       "4   2018-11-30  1.1317 2018-11-30  1.2749 2018-11-30  0.008812 2018-11-30   \n",
       "3   2018-12-31  1.1467 2018-12-31  1.2754 2018-12-31  0.009123 2018-12-31   \n",
       "2   2019-01-31  1.1448 2019-01-31  1.3109 2019-01-31  0.009186 2019-01-31   \n",
       "1   2019-02-28  1.1371 2019-02-28  1.3263 2019-02-28  0.008978 2019-02-28   \n",
       "0   2019-03-29  1.1254 2019-03-29  1.3182 2019-03-29  0.009077 2019-03-29   \n",
       "\n",
       "     AUDUSD    Dates.4  CADUSD    Dates.5  NOKUSD    Dates.6  CHFUSD  \n",
       "299  0.7155 1994-04-29  0.7231 1994-04-29  0.1395 1994-04-29  0.7125  \n",
       "298  0.7371 1994-05-31  0.7225 1994-05-31  0.1400 1994-05-31  0.7130  \n",
       "297  0.7285 1994-06-30  0.7224 1994-06-30  0.1444 1994-06-30  0.7499  \n",
       "296  0.7395 1994-07-29  0.7211 1994-07-29  0.1448 1994-07-29  0.7463  \n",
       "295  0.7429 1994-08-31  0.7310 1994-08-31  0.1442 1994-08-31  0.7508  \n",
       "..      ...        ...     ...        ...     ...        ...     ...  \n",
       "4    0.7306 2018-11-30  0.7523 2018-11-30  0.1163 2018-11-30  1.0015  \n",
       "3    0.7049 2018-12-31  0.7332 2018-12-31  0.1157 2018-12-31  1.0187  \n",
       "2    0.7273 2019-01-31  0.7619 2019-01-31  0.1186 2019-01-31  1.0057  \n",
       "1    0.7094 2019-02-28  0.7589 2019-02-28  0.1168 2019-02-28  1.0020  \n",
       "0    0.7090 2019-03-29  0.7456 2019-03-29  0.1159 2019-03-29  1.0050  \n",
       "\n",
       "[300 rows x 14 columns]"
      ]
     },
     "execution_count": 4,
     "metadata": {},
     "output_type": "execute_result"
    }
   ],
   "source": [
    "FX_Prices = FX_Prices.iloc[::-1]\n",
    "FX_Prices"
   ]
  },
  {
   "cell_type": "code",
   "execution_count": 5,
   "metadata": {},
   "outputs": [
    {
     "data": {
      "text/html": [
       "<div>\n",
       "<style scoped>\n",
       "    .dataframe tbody tr th:only-of-type {\n",
       "        vertical-align: middle;\n",
       "    }\n",
       "\n",
       "    .dataframe tbody tr th {\n",
       "        vertical-align: top;\n",
       "    }\n",
       "\n",
       "    .dataframe thead th {\n",
       "        text-align: right;\n",
       "    }\n",
       "</style>\n",
       "<table border=\"1\" class=\"dataframe\">\n",
       "  <thead>\n",
       "    <tr style=\"text-align: right;\">\n",
       "      <th></th>\n",
       "      <th>EURUSD</th>\n",
       "      <th>Dates.1</th>\n",
       "      <th>GBPUSD</th>\n",
       "      <th>Dates.2</th>\n",
       "      <th>JPYUSD</th>\n",
       "      <th>Dates.3</th>\n",
       "      <th>AUDUSD</th>\n",
       "      <th>Dates.4</th>\n",
       "      <th>CADUSD</th>\n",
       "      <th>Dates.5</th>\n",
       "      <th>NOKUSD</th>\n",
       "      <th>Dates.6</th>\n",
       "      <th>CHFUSD</th>\n",
       "    </tr>\n",
       "    <tr>\n",
       "      <th>Dates</th>\n",
       "      <th></th>\n",
       "      <th></th>\n",
       "      <th></th>\n",
       "      <th></th>\n",
       "      <th></th>\n",
       "      <th></th>\n",
       "      <th></th>\n",
       "      <th></th>\n",
       "      <th></th>\n",
       "      <th></th>\n",
       "      <th></th>\n",
       "      <th></th>\n",
       "      <th></th>\n",
       "    </tr>\n",
       "  </thead>\n",
       "  <tbody>\n",
       "    <tr>\n",
       "      <th>1994-04-29</th>\n",
       "      <td>1.1840</td>\n",
       "      <td>1994-04-29</td>\n",
       "      <td>1.5185</td>\n",
       "      <td>1994-04-29</td>\n",
       "      <td>0.009833</td>\n",
       "      <td>1994-04-29</td>\n",
       "      <td>0.7155</td>\n",
       "      <td>1994-04-29</td>\n",
       "      <td>0.7231</td>\n",
       "      <td>1994-04-29</td>\n",
       "      <td>0.1395</td>\n",
       "      <td>1994-04-29</td>\n",
       "      <td>0.7125</td>\n",
       "    </tr>\n",
       "    <tr>\n",
       "      <th>1994-05-31</th>\n",
       "      <td>1.1909</td>\n",
       "      <td>1994-05-31</td>\n",
       "      <td>1.5113</td>\n",
       "      <td>1994-05-31</td>\n",
       "      <td>0.009544</td>\n",
       "      <td>1994-05-31</td>\n",
       "      <td>0.7371</td>\n",
       "      <td>1994-05-31</td>\n",
       "      <td>0.7225</td>\n",
       "      <td>1994-05-31</td>\n",
       "      <td>0.1400</td>\n",
       "      <td>1994-05-31</td>\n",
       "      <td>0.7130</td>\n",
       "    </tr>\n",
       "    <tr>\n",
       "      <th>1994-06-30</th>\n",
       "      <td>1.2238</td>\n",
       "      <td>1994-06-30</td>\n",
       "      <td>1.5443</td>\n",
       "      <td>1994-06-30</td>\n",
       "      <td>0.010158</td>\n",
       "      <td>1994-06-30</td>\n",
       "      <td>0.7285</td>\n",
       "      <td>1994-06-30</td>\n",
       "      <td>0.7224</td>\n",
       "      <td>1994-06-30</td>\n",
       "      <td>0.1444</td>\n",
       "      <td>1994-06-30</td>\n",
       "      <td>0.7499</td>\n",
       "    </tr>\n",
       "    <tr>\n",
       "      <th>1994-07-29</th>\n",
       "      <td>1.2261</td>\n",
       "      <td>1994-07-29</td>\n",
       "      <td>1.5440</td>\n",
       "      <td>1994-07-29</td>\n",
       "      <td>0.009985</td>\n",
       "      <td>1994-07-29</td>\n",
       "      <td>0.7395</td>\n",
       "      <td>1994-07-29</td>\n",
       "      <td>0.7211</td>\n",
       "      <td>1994-07-29</td>\n",
       "      <td>0.1448</td>\n",
       "      <td>1994-07-29</td>\n",
       "      <td>0.7463</td>\n",
       "    </tr>\n",
       "    <tr>\n",
       "      <th>1994-08-31</th>\n",
       "      <td>1.2341</td>\n",
       "      <td>1994-08-31</td>\n",
       "      <td>1.5340</td>\n",
       "      <td>1994-08-31</td>\n",
       "      <td>0.009995</td>\n",
       "      <td>1994-08-31</td>\n",
       "      <td>0.7429</td>\n",
       "      <td>1994-08-31</td>\n",
       "      <td>0.7310</td>\n",
       "      <td>1994-08-31</td>\n",
       "      <td>0.1442</td>\n",
       "      <td>1994-08-31</td>\n",
       "      <td>0.7508</td>\n",
       "    </tr>\n",
       "    <tr>\n",
       "      <th>...</th>\n",
       "      <td>...</td>\n",
       "      <td>...</td>\n",
       "      <td>...</td>\n",
       "      <td>...</td>\n",
       "      <td>...</td>\n",
       "      <td>...</td>\n",
       "      <td>...</td>\n",
       "      <td>...</td>\n",
       "      <td>...</td>\n",
       "      <td>...</td>\n",
       "      <td>...</td>\n",
       "      <td>...</td>\n",
       "      <td>...</td>\n",
       "    </tr>\n",
       "    <tr>\n",
       "      <th>2018-11-30</th>\n",
       "      <td>1.1317</td>\n",
       "      <td>2018-11-30</td>\n",
       "      <td>1.2749</td>\n",
       "      <td>2018-11-30</td>\n",
       "      <td>0.008812</td>\n",
       "      <td>2018-11-30</td>\n",
       "      <td>0.7306</td>\n",
       "      <td>2018-11-30</td>\n",
       "      <td>0.7523</td>\n",
       "      <td>2018-11-30</td>\n",
       "      <td>0.1163</td>\n",
       "      <td>2018-11-30</td>\n",
       "      <td>1.0015</td>\n",
       "    </tr>\n",
       "    <tr>\n",
       "      <th>2018-12-31</th>\n",
       "      <td>1.1467</td>\n",
       "      <td>2018-12-31</td>\n",
       "      <td>1.2754</td>\n",
       "      <td>2018-12-31</td>\n",
       "      <td>0.009123</td>\n",
       "      <td>2018-12-31</td>\n",
       "      <td>0.7049</td>\n",
       "      <td>2018-12-31</td>\n",
       "      <td>0.7332</td>\n",
       "      <td>2018-12-31</td>\n",
       "      <td>0.1157</td>\n",
       "      <td>2018-12-31</td>\n",
       "      <td>1.0187</td>\n",
       "    </tr>\n",
       "    <tr>\n",
       "      <th>2019-01-31</th>\n",
       "      <td>1.1448</td>\n",
       "      <td>2019-01-31</td>\n",
